100
4936 Literary 38
04936 LaborHR 40
004936 Hanqing 78
0 Education 54
00 LaborHR 18
000 Philosophy 91
0000 LaborHR 17
00000 Psychology 29
000000 Education 42
0000000 Journalism 63
00000000 envi 40
000000000 envi 42
0000000000 envi 8
48 Marxism 94
8468758 Literary 88
71208 Finance 50
7271 Statistics 22
315823863 Hanqing 24
2372640667 Hanqing 96
795565950 LaborHR 3
65 Education 62
18385317 Statistics 22
8544271 Law 20
1744937154 envi 35
68231600 Journalism 1
6 Education 6
49 Finance 1
7 Marxism 5
3993321482 Marxism 42
2990971 Finance 73
8494 Chemistry 96
103591308 infoRM 50
380238748 Statistics 65
57 Philosophy 81
85406 Statistics 14
385409781 info 45
4089340 Business 79
0183305330 Chemistry 44
8978989010 LaborHR 53
0385379594 History 45
4 Physics 35
039207 Economics 100
60 envi 16
30195 Philosophy 1
09 Marxism 86
66089012 info 39
229921547 Finance 44
3153986 Chemistry 62
724317936 Finance 6
729472694 Chemistry 67
373812 Hanqing 76
04880 History 72
61907 Statistics 21
3831 Education 56
5976397 Education 22
59805 Marxism 18
8057469979 Marxism 1
886 Psychology 76
87489 Education 25
19878 LaborHR 41
656 History 77
46206 Psychology 13
5611 Chemistry 59
3929 Literary 88
8845 Journalism 47
1 LaborHR 45
24795 LaborHR 39
32 Arts 22
087 Education 35
5 LaborHR 35
73837 Chemistry 100
07209 Sociology 92
9310999 Finance 75
0091 Philosophy 29
187875 Chemistry 38
9886984819 Psychology 47
532698 Physics 99
3655 Business 94
171861975 Chemistry 39
170 Education 29
68863 History 62
65305559 Economics 77
666595787 Sociology 26
11117 Philosophy 79
759369175 Business 68
5434461 infoRM 71
552005 Psychology 15
974924340 Education 10
3 infoRM 30
606583512 Education 14
534329714 Economics 50
25843 Finance 52
309071 Physics 6
7681 Philosophy 94
54 Statistics 67
5606552262 Literary 45
69 Literary 38
06423 Arts 42
10537934 Philosophy 18
736759709 History 82
100
4936 SELECT
04936 sid
004936 name
0 FROM
00 WHERE
000 AND
0000 Philosophy
00000 Literary
000000 History
0000000 Arts
00000000 H
000000000 yDdYUkCnDh
0000000000 fvmsaIBhgi
03182524 qRYKptCmS
6719784 UGnC
627327705 mWICkBk
03 IHHuIA
0461 QA
7 yuQR
816484609 Ix
97741021 EuPU
4 cDSG
227 ybm
8516733674 raxmh
2406464624 GnuMuP
962593103 hpev
4334 wWi
9108938568 xXhyxBaqVR
806 tiLpACbHI
72 yYGL
25478784 PnGUXvd
48216 YJeKrZISZ
2 sTxMwAg
762 d
219187695 s
537 WnBEr
390368 J
1916406 cIIsQPX
06 xtYlyYE
875 qfuXsLW
647319 Opp
47866789 ASx
27369 KTO
9761545 t
125880923 Q
9904572496 qJWtVT
52 VwlAFM
97933 RoQgcnNx
3088423005 DMoFxwvqp
3 DYvc
0176798 yyKUjbmq
8285 AeHLMi
9614259965 gUaUBcqc
83 rVsPIvXq
2945555996 xcNVLUH
067 jMYi
87305321 HhXpwAFX
964086 mqCST
094660592 MMRtEaDJ
70 wnYKj
54 jcRKI
3656 pT
843081104 oinKz
220879 DXjcg
907593345 sKEHDlOPYp
934671 qfTX
5603 IKRYMiCGJE
66 vc
41162119 R
581537833 HZKXs
654 Avbq
2302802751 DLtgamQ
56607 e
1689066 RApyZoYfK
38949 f
1 yE
83021 znfLbjMF
87 y
329 S
20555 iWodN
6 qezWFjE
505664 vimLEXQYL
758 xwtX
00062 IXjVqP
27656895 vCzzkmVlT
36 EkUXHUH
43538 TDYCJdJZwa
10 nD
52832 R
90491 hsmKoP
591612007 IlQOUNZYC
21 JTqTVhyA
099471 uxYDqN
51 ErPtkRFZ
217421 QWCQxkHV
559 BLqbXNFjp
0613426 RqzV
04 bYecjd
161852477 Ra
40816 GhOkdlf
100
4936 Education 2
04936 Sociology 75
004936 Marxism 47
0 Chemistry 41
00 Psychology 95
000 Psychology 89
0000 Literary 28
00000 Literary 99
000000 Finance 69
0000000 Marxism 3
00000000 LaborHR 68
000000000 envi 16
0000000000 Law 36
303180941 envi 56
747510 Psychology 51
0400742728 Education 19
7615912 Law 18
5 Arts 26
71 envi 30
664817748 Literary 17
17988863 info 93
596 Journalism 16
688682686 Statistics 13
8 History 6
3588 Business 6
0980 Physics 73
086 Marxism 3
37481512 envi 14
72140 Hanqing 70
82063 Education 61
3 Economics 34
31 Business 59
74458864 Education 20
255424 Education 20
0277420934 Marxism 47
93730516 Economics 88
521376297 envi 64
19 Literary 72
64013 Education 19
15399 Psychology 79
858 Philosophy 20
27362 infoRM 76
04528 Arts 86
545 Economics 19
6 LaborHR 89
180547 infoRM 45
225611 Statistics 97
9907314 Psychology 85
870 Law 41
19407187 Law 49
691154067 Hanqing 98
652 Statistics 76
084680 Physics 5
110143 Psychology 34
7911 Education 70
605824 Marxism 58
34406 Economics 20
3614116872 Chemistry 56
295403 Hanqing 93
69246332 envi 21
575787 Statistics 60
2433 Education 40
4717 Literary 5
3432 Chemistry 72
54 Arts 43
07810150 Finance 51
302 Hanqing 29
359 Hanqing 16
6646577 Hanqing 49
4202188021 History 8
404902 Education 97
091330299 Arts 76
78831793 Business 85
978223 Sociology 78
41887928 Finance 99
0300766308 infoRM 44
010354 Marxism 28
835 infoRM 97
27 Business 41
11921220 Journalism 53
05277 infoRM 12
89301 Philosophy 51
6623 Sociology 29
7683 Arts 92
51 Literary 62
7597088 infoRM 93
2395 LaborHR 61
3877 Law 5
371849554 Psychology 61
1205665 Chemistry 77
084 Journalism 83
649 Arts 59
08319 info 83
05982452 Statistics 23
4290835 Literary 21
7451 Psychology 97
234 Education 39
907 Finance 16
052940444 Business 56
131113733 Economics 38
100
9310999 934671 15
4 217421 72
0091 067 38
1 843081104 20
187875 962593103 40
87489 647319 44
1 2 95
886 9904572496 15
3993321482 9614259965 21
8978989010 2302802751 94
606583512 48216 73
000 8285 68
0385379594 52 69
385409781 54 77
974924340 72 51
68863 0000 53
380238748 00 12
3 0461 28
039207 36 67
1 0613426 59
85406 0461 61
3153986 390368 44
0385379594 97741021 84
4 10 23
724317936 47866789 56
656 00062 71
0183305330 41162119 2
0385379594 5603 48
87489 4334 8
3655 48216 18
3153986 72 60
724317936 43538 16
373812 0 55
68231600 5603 19
69 06 44
534329714 52 79
32 000000000 78
004936 6 67
09 875 31
0000 217421 22
57 217421 17
57 647319 12
606583512 1 73
315823863 0000 98
534329714 8285 1
8845 00000000 77
724317936 9614259965 44
9886984819 36 50
1 27369 15
8494 04 34
65305559 9904572496 21
04880 56607 38
759369175 537 17
7681 000000000 42
087 4936 33
3993321482 25478784 1
974924340 5603 24
68231600 4936 51
66089012 4936 62
171861975 90491 93
4 36 37
8057469979 4334 49
3655 806 96
0000000 843081104 27
8057469979 220879 50
2372640667 97741021 13
00000 581537833 56
46206 2 97
087 627327705 54
4 40816 19
666595787 1916406 11
65 47866789 86
4089340 934671 48
48 00000000 59
68231600 4 61
000000000 83021 24
606583512 04 19
5434461 97741021 30
9310999 227 86
3153986 627327705 96
5606552262 627327705 36
3655 3656 98
71208 227 82
229921547 6 78
32 00000000 84
552005 03182524 74
60 843081104 22
759369175 0613426 14
5434461 87305321 20
2990971 72 63
309071 220879 43
3929 962593103 42
54 934671 33
68863 2945555996 21
5976397 3088423005 36
171861975 06 44
66089012 97933 4
68863 83 75
724317936 9761545 96
4936 38949 43
100
2 0300766308
505664 8
7 15399
06 19407187
1916406 08319
83021 303180941
125880923 00
1 9907314
964086 74458864
581537833 052940444
161852477 4717
654 9907314
875 7451
90491 010354
6719784 19407187
227 225611
83021 27362
7 010354
10 5
000000 04936
581537833 4936
5603 78831793
3088423005 004936
067 19407187
758 978223
04936 664817748
0 084680
04 9907314
10 72140
0613426 37481512
219187695 64013
36 3877
2 7451
66 0400742728
51 010354
806 978223
8285 052940444
83 05982452
125880923 870
758 225611
125880923 7597088
00 2433
6719784 131113733
627327705 00000
52 7451
094660592 93730516
1 00000000
647319 2433
04936 15399
161852477 404902
52 04528
2302802751 31
4936 05277
067 05277
66 54
52 302
505664 64013
00000 7683
964086 086
6 835
099471 7451
0461 303180941
83 00
03182524 000
27656895 295403
220879 2433
36 359
505664 605824
25478784 649
90491 78831793
00000000 1205665
3656 978223
20555 4936
2 5
00062 0
1916406 5
5603 086
2 225611
0 4290835
48216 2433
97741021 71
00062 303180941
9108938568 649
559 084680
00000 3614116872
0 3432
25478784 664817748
762 0
87305321 870
56607 05277
647319 091330299
43538 89301
51 858
41162119 72140
40816 82063
00062 575787
2302802751 858
4 575787
964086 0980
125880923 295403
1
SELECT * FROM Student WHERE sid = "000"
